0 010 00
0 013 56
0 013 57
0 013 58
0 019 55
0 019 63
0 030 00
0 039 01
0 050 00
0 100 00
0 103 02
0 300 00
0 318 20
0 318 21
0 318 22
0 318 23
0 318 24
0 318 25
0 318 26
0 319 96
0 342 17
0 400 00
0 500 00
0 503 62
0 506 71
0 600 00
0 604 50
0 604 51
0 610 03
0 617 21
0 671 16
0 679 16
0 681 16
0 684 16
0 697 17
0 700 00
0 779 30
0 784 01
0 800 00
0 881 70
0 881 71
0 881 72
0 901 06
0 901 07
0 901 09
0 901 19
0 901 23
0 901 25
0 901 31
0 901 32
0 901 59
0 901 60
0 901 61
0 901 62
0 901 63
0 901 64
0 901 65
0 901 66
0 901 67
0 901 68
0 901 69
0 901 80
1 000 00
1 340 04
1 340 08
1 340 14
1 340 18
1 340 44
1 340 48
1 340 54
1 340 58
1 341 00
1 341 04
1 341 08
1 341 14
1 341 18
1 341 24
1 341 28
1 341 34
1 341 38
1 341 44
1 341 46
1 341 48
1 341 54
1 341 56
1 341 58
1 342 04
1 342 08
1 342 14
1 342 18
1 348 10
1 348 11
1 348 12
1 348 13
1 348 14
1 348 15
1 348 16
1 350 01
1 350 02
1 350 03
1 350 04
1 350 11
1 350 12
1 350 13
1 350 14
1 350 41
1 350 42
1 350 43
1 350 44
1 350 51
1 350 52
1 350 53
1 350 54
1 351 01
1 351 02
1 351 03
1 351 04
1 351 11
1 351 12
1 351 13
1 351 14
1 351 21
1 351 22
1 351 23
1 351 24
1 351 31
1 351 32
1 351 33
1 351 34
1 351 41
1 351 42
1 351 43
1 351 44
1 351 51
1 351 52
1 351 53
1 351 54
1 352 01
1 352 02
1 352 03
1 352 04
1 352 11
1 352 12
1 352 13
1 352 14
1 370 05
1 370 06
1 370 07
1 370 08
1 370 09
1 370 15
1 370 16
1 370 17
1 370 18
1 370 19
1 370 45
1 370 46
1 370 47
1 370 48
1 370 49
1 370 55
1 370 56
1 370 57
1 370 58
1 370 59
1 371 05
1 371 06
1 371 07
1 371 08
1 371 09
1 371 15
1 371 16
1 371 17
1 371 18
1 371 19
1 371 25
1 371 26
1 371 27
1 371 28
1 371 29
1 371 35
1 371 36
1 371 37
1 371 38
1 371 39
1 371 45
1 371 46
1 371 47
1 371 48
1 371 49
1 371 55
1 371 56
1 371 57
1 371 58
1 371 59
1 372 05
1 372 06
1 372 07
1 372 08
1 372 09
1 372 15
1 372 16
1 372 17
1 372 18
1 372 19
2 000 00
2 775 50L
2 778 02L
2 778 04L
2 778 06L
2 778 14L
2 778 16L
2 778 22L
2 780 11L
2 780 30L
2 780 40L
2 781 05L
2 781 11L
2 781 64L
2 781 65L
2 781 76L
2 781 84L
2 782 13L
2 782 18L
3 000 00
3 110 80
3 692 30
3 692 35
3 694 00
3 695 00
3 695 05
3 695 50
3 695 55
3 695 60
3 695 65
3 695 70
3 695 75
3 695 80
3 695 85
3 695 95
3 695 96
3 695 97
3 970 31
3 970 32
3 970 33
3 970 41
3 970 42
3 970 43
3 970 71
3 970 72
3 970 73
3 970 91
3 970 92
3 970 93
3 970 95
3 970 96
3 970 97
4 000 00
4 011 52
4 011 53
4 011 54
4 011 55
4 011 56
4 011 57
4 011 58
4 011 59
4 011 61
4 011 62
4 011 63
4 011 64
4 011 66
4 011 67
4 011 68
4 011 69
4 011 70
4 020 24
4 020 25
4 020 26
4 020 27
4 020 28
4 020 29
4 020 30
4 020 32
4 020 33
4 020 34
4 020 36
4 020 37
4 020 38
4 020 62
4 020 63
4 020 64
4 020 66
4 020 67
4 020 68
4 020 70
4 020 71
4 020 72
4 020 74
4 020 75
4 020 76
4 078 34
4 122 12
4 122 21
4 122 23
4 122 41
4 122 43
4 122 71
4 122 73
4 123 19
4 128 58
4 194 96
4 194 97
4 194 99
4 195 00
4 195 01
4 195 02
4 196 61
4 196 62
4 196 64
4 196 65
4 196 66
4 196 67
4 196 68
4 196 69
4 196 70
4 196 94
4 196 95
4 196 97
4 196 98
4 196 99
4 197 00
4 197 01
4 197 02
4 197 03
4 197 05
4 197 06
4 197 08
4 197 09
4 197 10
4 197 11
4 197 12
4 197 13
4 197 14
4 197 38
4 197 39
4 197 41
4 197 42
4 197 43
4 197 44
4 197 45
4 197 46
4 197 47
4 199 46
4 199 47
4 199 49
4 199 50
4 199 51
4 199 52
4 461 70
4 461 71
4 461 72
5 000 00
5 551 07
5 551 27
6 000 00
6 018 31
6 018 32
6 018 33
6 018 35
6 018 36
6 018 37
6 018 38
6 019 32
6 019 94
6 019 96
6 019 98
6 117 88
6 380 00
6 380 01
6 380 02
6 380 03
6 380 04
6 380 08
6 380 11
6 380 12
6 380 13
6 380 17
6 380 18
6 380 19
6 380 20
6 380 21
6 380 22
6 380 24
6 380 25
6 380 26
6 380 27
6 380 28
6 380 29
6 380 30
6 380 31
6 380 32
6 380 34
6 380 35
6 380 36
6 380 38
6 380 40ยน
6 380 41
6 380 42
6 380 44
6 380 45
6 380 46
6 380 47
6 380 48
6 380 49
6 380 50
6 380 51
6 380 52
6 380 53
6 380 54
6 380 55
6 380 56
6 381 00
6 381 01
6 381 02
6 381 03
6 381 04
6 381 05
6 381 06
6 381 07
6 381 09
6 381 10
6 381 11
6 381 12
6 381 13
6 381 14
6 381 15
6 381 16
6 381 17
6 381 19
6 381 20
6 381 21
6 381 22
6 381 23
6 381 24
6 381 25
6 381 26
6 381 27
6 381 29
6 381 30
6 381 31
6 381 32
6 381 33
6 381 34
6 381 35
6 381 36
6 381 37
6 381 39
6 381 40
6 381 41
6 381 42
6 381 43
6 381 44
6 381 45
6 381 46
6 381 47
6 381 49
6 381 50
6 381 51
6 381 52
6 381 53
6 381 54
6 381 55
6 381 56
6 381 57
6 381 59
6 381 60
6 381 61
6 381 62
6 381 63
6 381 64
6 381 65
6 381 66
6 381 68
6 381 70
6 381 71
6 381 72
6 381 73
6 381 74
6 381 75
6 381 76
6 381 80
6 381 81
6 381 82
6 381 83
6 381 84
6 381 85
6 381 86
6 468 10
6 468 16
6 468 62
6 510 16
6 510 20
6 510 25
6 510 32
6 510 40
6 510 50
6 512 16
6 512 20
6 512 25
6 512 32
6 512 40
6 512 50
6 512 63
6 514 16
6 514 20
6 514 25
6 514 32
6 606 01
6 606 02
6 606 08
6 606 09
6 606 11
6 606 12
6 606 13
6 606 14
6 616 01
6 616 02
6 616 03
6 616 05
6 616 06
6 616 07
6 616 08
6 616 09
6 616 10
6 616 11
6 616 14
6 616 15
6 616 16
6 616 17
6 616 18
6 616 70
6 616 71
6 616 72
6 616 80
6 616 88
6 616 90
6 616 91
6 617 20
6 626 03
6 626 06
6 626 07
6 626 10
6 645 27
6 645 40
6 645 71
6 647 98
6 647 99
6 648 98
6 648 99
6 650 00
6 650 01
6 650 02
6 650 03
6 650 04
6 650 05
6 650 06
6 650 11
6 650 12
6 650 13
6 650 14
6 650 15
6 650 16
6 650 21
6 650 22
6 650 23
6 650 24
6 650 25
6 650 31
6 650 32
6 650 33
6 650 34
6 650 35
6 650 98
6 651 95
7 000 00
7 645 00
7 645 01
7 645 02
7 645 03
7 645 04
7 645 06
7 645 07
7 645 18
7 645 19
7 645 21
7 645 22
7 645 23
7 645 24
7 645 25
7 645 27
7 645 36
7 645 38
7 645 41
7 645 45
7 645 46
7 645 48
7 645 52
7 645 57
7 645 64
7 645 68
7 645 69
7 645 73
7 645 74
7 645 83
7 645 94
7 645 95
7 645 97
7 646 00
7 646 01
7 646 02
7 646 03
7 646 04
7 646 06
7 646 07
7 646 18
7 646 19
7 646 22
7 646 24
7 646 25
7 646 27
7 646 36
7 646 38
7 646 41
7 646 45
7 646 46
7 646 48
7 646 52
7 646 57
7 646 64
7 646 68
7 646 69
7 646 83
7 646 94
7 646 95
7 646 97
7 821 00
7 821 01
7 821 02
7 821 03
7 821 04
7 821 05
7 821 06
7 821 07
7 821 12
7 821 14
7 821 15
7 821 16
7 821 17
7 821 20
7 821 24
7 821 27
7 821 29
7 821 30
7 821 32
7 821 33
7 821 34
7 821 35
7 821 36
7 821 37
7 821 44
7 821 45
7 821 46
7 821 47
7 821 50
7 821 54
7 821 57
7 821 59
7 823 60
7 823 61
7 823 62
7 823 63
7 823 64
7 823 65
7 823 66
7 823 71
7 823 72
7 823 73
7 823 74
7 823 75
7 823 76
7 823 77
7 823 79
7 823 80
7 823 81
7 823 82
7 823 83
7 823 84
7 823 85
7 823 86
7 823 91
7 823 92
7 823 93
7 823 94
7 823 95
7 823 97
7 823 98
7 823 99
7 824 00
7 824 02
7 824 04
7 824 05
7 824 06
7 824 10
7 824 11
7 824 14
7 824 15
7 824 16
7 824 17
7 824 20
7 824 21
7 824 24
7 824 25
7 824 28
7 824 29
7 824 30
7 824 31
7 824 32
7 824 33
7 824 34
7 824 35
7 824 36
7 824 37
7 824 38
7 824 39
7 824 40
7 824 41
7 824 44
7 824 45
7 824 46
7 824 47
7 824 50
7 824 51
7 824 54
7 824 57
7 824 61
7 824 63
7 824 67
7 824 68
7 824 69
7 824 94
7 824 95
7 824 96
50398
0 030 23
0 030 20
0 030 22
0 058 64
0 132 32
0 920 011
0 920 021
0 920 031
0 697 17
6 650 99
6 008 44
6 009 751
2 781 11L
2 781 05L
2 781 64L
2 871 64L
0 778 23L
0 313 01