6000
6081
6082
0 010 00
0 013 56
0 013 57
0 013 58
0 016 60
0 019 17
0 019 18
0 019 55
0 019 61
0 019 62
0 019 63
0 019 64
0 019 65
0 019 66
0 019 67
0 019 68
0 019 69
0 019 70
0 030 00
0 039 01
0 039 51
0 039 53
0 039 54
0 039 71
0 039 73
0 039 74
0 050 00
0 057 90
0 057 96
0 058 00
0 058 02
0 058 10
0 058 11
0 058 12
0 058 14
0 058 20
0 058 21
0 058 22
0 058 24
0 100 00
0 102 02
0 102 05
0 102 06
0 102 10
0 102 12
0 102 16
0 102 20
0 102 25
0 102 30
0 102 50
0 102 63
0 102 96
0 103 02
0 103 04
0 103 06
0 113 02
0 113 04
0 113 06
0 113 10
0 114 02
0 114 04
0 114 06
0 114 10
0 116 06
0 116 10
0 116 16
0 117 06
0 117 10
0 117 16
0 123 00
0 123 01
0 123 02
0 123 04
0 123 06
0 123 08
0 123 10
0 123 12
0 123 16
0 123 20
0 123 94
0 124 02
0 124 04
0 124 06
0 124 08
0 124 10
0 124 20
0 126 16
0 126 20
0 126 25
0 127 16
0 127 20
0 127 25
0 133 00
0 133 32
0 134 32
0 200 00
0 277 46
0 277 48
0 277 51
0 300 00
0 300 98
0 300 99
0 313 60
0 313 61
0 313 62
0 313 63
0 313 70
0 313 71
0 313 72
0 313 73
0 315 24
0 315 25
0 315 26
0 315 27
0 315 28
0 315 29
0 315 30
0 315 31
0 315 32
0 315 33
0 315 34
0 315 35
0 315 36
0 315 50
0 315 51
0 315 54
0 315 55
0 315 56
0 315 57
0 315 58
0 315 59
0 315 76
0 315 77
0 315 78
0 315 79
0 315 81
0 315 83
0 315 84
0 315 85
0 315 86
0 315 87
0 318 20
0 318 21
0 318 22
0 318 23
0 318 24
0 318 25
0 318 26
0 318 82
0 319 02
0 319 03
0 319 04
0 319 05
0 319 06
0 319 07
0 319 10
0 319 13
0 319 16
0 319 19
0 319 20
0 319 21
0 319 22
0 319 25
0 319 50
0 319 55
0 319 57
0 319 58
0 319 96
0 319 97
0 320 65
0 320 67
0 320 70
0 327 56
0 327 78
0 327 81
0 337 61
0 337 63
0 337 64
0 337 65
0 337 70
0 337 72
0 337 98
0 337 99
0 340 20
0 340 21
0 340 22
0 340 30
0 340 31
0 340 32
0 340 33
0 340 34
0 340 42
0 340 43
0 340 44
0 340 45
0 342 11
0 342 13
0 342 15
0 342 17
0 342 19
0 342 21
0 342 23
0 342 25
0 342 27
0 343 80
0 343 83
0 343 84
0 343 85
0 343 86
0 343 87
0 343 88
0 343 89
0 348 48
0 358 00
0 358 01
0 358 11
0 358 12
0 391 20
0 391 21
0 391 22
0 391 41
0 391 42
0 391 45
0 400 00
0 401 85
0 401 87
0 401 89
0 401 92
0 401 93
0 401 94
0 416 45
0 416 46
0 416 47
0 416 50
0 416 51
0 416 52
0 461 62
0 461 63
0 461 64
0 461 65
0 461 87
0 462 23
0 462 60
0 464 82
0 465 22
0 465 32
0 488 98
0 489 41
0 489 42
0 489 43
0 489 48
0 500 00
0 500 05
0 500 09
0 500 10
0 500 14
0 500 26
0 500 27
0 500 28
0 500 29
0 500 30
0 500 31
0 500 32
0 500 33
0 500 35
0 500 51
0 500 52
0 500 53
0 500 55
0 500 56
0 500 57
0 500 58
0 500 59
0 500 60
0 500 61
0 500 62
0 500 63
0 500 73
0 500 77
0 500 81
0 500 85
0 500 97
0 501 62
0 501 63
0 501 64
0 501 65
0 501 66
0 501 83
0 501 84
0 502 04
0 502 05
0 502 06
0 502 07
0 502 08
0 502 52
0 502 58
0 502 59
0 502 61
0 502 62
0 503 26
0 503 62
0 503 81
0 503 82
0 503 83
0 503 95
0 504 09
0 504 10
0 504 11
0 504 12
0 504 15
0 504 16
0 504 17
0 504 20
0 504 21
0 504 24
0 504 25
0 504 45
0 504 46
0 504 47
0 504 51
0 504 61
0 505 75
0 506 32
0 506 34
0 506 37
0 506 38
0 506 39
0 506 50
0 506 51
0 506 70
0 506 71
0 506 73
0 506 76
0 506 77
0 506 78
0 506 79
0 506 80
0 506 81
0 506 82
0 506 92
0 506 93
0 506 94
0 512 19
0 514 00
0 514 01
0 514 02
0 514 03
0 514 04
0 514 05
0 514 06
0 514 07
0 514 08
0 514 09
0 514 10
0 514 11
0 514 12
0 514 13
0 517 03
0 517 04
0 517 20
0 517 22
0 517 23
0 517 27
0 517 29
0 517 30
0 517 31
0 517 32
0 517 33
0 517 34
0 517 35
0 517 36
0 517 37
0 517 38
0 517 62
0 517 63
0 517 80
0 517 81
0 550 02
0 550 03
0 550 12
0 550 13
0 551 52
0 551 55
0 551 57
0 554 22
0 554 25
0 554 27
0 554 32
0 554 39
0 554 52
0 554 55
0 554 57
0 556 32
0 556 35
0 556 37
0 556 62
0 556 65
0 556 67
0 558 02
0 558 05
0 558 07
0 558 12
0 558 15
0 558 17
0 558 49
0 558 52
0 558 55
0 558 57
0 558 62
0 558 65
0 558 67
0 600 00
0 600 02
0 600 05
0 600 06
0 600 08
0 601 21
0 604 50
0 604 51
0 610 03
0 612 00
0 612 01
0 612 02
0 612 10
0 612 11
0 612 13
0 612 14
0 617 21
0 622 08
0 622 42
0 624 00
0 624 02
0 624 15
0 624 25
0 624 26
0 624 49
0 625 20
0 625 25
0 625 26
0 625 65
0 650 04
0 650 83
0 651 04
0 651 83
0 652 04
0 652 83
0 666 01
0 666 02
0 666 03
0 666 04
0 666 11
0 666 12
0 666 13
0 666 14
0 666 21
0 666 22
0 666 23
0 666 24
0 666 31
0 666 32
0 666 33
0 666 34
0 666 81
0 666 82
0 666 83
0 666 84
0 667 01
0 667 02
0 667 03
0 667 04
0 667 08
0 667 09
0 667 11
0 667 12
0 667 13
0 667 14
0 667 18
0 667 19
0 667 21
0 667 22
0 667 23
0 667 24
0 667 28
0 667 29
0 667 31
0 667 32
0 667 33
0 667 34
0 667 38
0 667 39
0 667 41
0 667 42
0 667 43
0 667 44
0 667 48
0 667 49
0 667 51
0 667 52
0 667 53
0 667 54
0 667 61
0 667 62
0 667 63
0 667 64
0 670 05
0 670 17
0 670 18
0 670 19
0 670 31
0 670 46
0 670 47
0 670 48
0 670 83
0 671 06
0 671 10
0 671 11
0 671 16
0 671 81
0 673 38
0 673 44
0 673 45
0 673 46
0 673 80
0 673 82
0 673 88
0 674 62
0 674 65
0 674 66
0 676 63
0 676 64
0 676 70
0 676 85
0 676 85L
0 676 86
0 676 86L
0 676 88
0 679 01
0 679 02
0 679 03
0 679 11
0 679 16
0 679 27
0 679 38
0 679 41
0 679 51
0 679 56
0 679 82
0 679 85
0 680 01
0 680 02
0 680 03
0 681 11
0 681 16
0 681 27
0 681 41
0 682 38
0 682 51
0 682 56
0 682 82
0 682 85
0 683 01
0 683 02
0 683 03
0 684 11
0 684 16
0 684 27
0 684 41
0 685 38
0 685 51
0 685 56
0 685 82
0 685 85
0 687 21
0 687 22
0 687 23
0 687 24
0 687 28
0 687 61
0 687 62
0 687 63
0 687 64
0 687 71
0 687 72
0 687 73
0 687 74
0 687 81
0 687 82
0 687 83
0 687 84
0 687 91
0 687 92
0 687 93
0 687 94
0 688 08
0 688 09
0 689 01
0 689 02
0 689 03
0 689 04
0 689 08
0 689 09
0 689 21
0 689 22
0 689 23
0 689 24
0 689 28
0 689 29
0 689 71
0 689 72
0 689 73
0 689 74
0 689 78
0 689 79
0 689 81
0 689 82
0 689 83
0 689 84
0 689 88
0 689 89
0 689 91
0 689 92
0 689 93
0 689 94
0 689 98
0 689 99
0 690 11
0 690 12
0 690 13
0 690 14
0 690 21
0 690 22
0 690 23
0 690 24
0 690 31
0 690 32
0 690 33
0 690 34
0 690 51
0 690 52
0 690 53
0 690 54
0 691 01
0 691 02
0 691 03
0 691 04
0 691 11
0 691 12
0 691 13
0 691 14
0 691 21
0 691 22
0 691 23
0 691 24
0 691 31
0 691 32
0 691 33
0 691 34
0 692 01
0 692 02
0 692 03
0 692 04
0 692 11
0 692 12
0 692 13
0 692 14
0 692 21
0 692 22
0 692 23
0 692 24
0 693 01
0 693 02
0 693 03
0 693 04
0 693 11
0 693 12
0 693 13
0 693 14
0 693 51
0 693 52
0 693 53
0 693 71
0 693 72
0 693 73
0 694 01
0 694 02
0 694 03
0 694 04
0 694 21
0 694 22
0 694 23
0 694 24
0 694 31
0 694 32
0 694 33
0 694 41
0 694 42
0 694 43
0 694 51
0 694 52
0 694 53
0 694 61
0 694 62
0 694 63
0 694 64
0 694 71
0 694 72
0 694 73
0 694 74
0 694 95
0 694 96
0 694 97
0 694 98
0 694 99
0 697 10
0 697 11
0 697 13
0 697 15
0 697 17
0 697 20
0 697 22
0 697 31
0 697 40
0 698 11
0 698 24
0 698 31
0 698 48
0 698 51
0 698 55
0 698 64
0 698 70
0 698 88
0 700 00
0 765 61
0 765 62
0 765 63
0 765 64
0 765 65
0 765 66
0 765 73
0 765 76
0 770 21L
0 770 25
0 770 26
0 770 43L
0 770 50L
0 770 70
0 770 71
0 771 00L
0 771 10
0 771 18L
0 771 32
0 771 33
0 771 44L
0 771 55L
0 771 58L
0 771 61L
0 771 73L
0 771 92L
0 775 81L
0 775 90
0 775 94
0 779 30
0 784 01
0 784 05
0 787 05
0 787 11L
0 787 15L
0 787 22L
0 787 38
0 788 03L
0 788 23L
0 800 00
0 800 41
0 801 08
0 801 31
0 801 41
0 801 42
0 801 51
0 801 61
0 801 84
0 801 85
0 801 88
0 801 97
0 802 41
0 802 42
0 802 44
0 802 45
0 802 51
0 802 52
0 802 53
0 802 54
0 802 60L
0 802 61
0 802 62L
0 802 69
0 802 80
0 802 81
0 802 82
0 802 83
0 802 85
0 802 86
0 819 85
0 819 88
0 881 70
0 881 71
0 881 72
0 882 40
0 885 08
0 892 71
0 892 72
0 892 73
0 892 74
0 892 75
0 893 48
0 893 58
0 897 00
0 897 01
0 897 02
0 897 09
0 897 10
0 897 11
0 897 12
0 897 19
0 897 50
0 897 51
0 897 52
0 897 60
0 897 61
0 897 68
0 897 70
0 900 34
0 900 35
0 900 37
0 900 38
0 900 40
0 900 41
0 901 03
0 901 04
0 901 05
0 901 06
0 901 07
0 901 08
0 901 09
0 901 19
0 901 23
0 901 25
0 901 31
0 901 32
0 901 59
0 901 60
0 901 61
0 901 62
0 901 63
0 901 64
0 901 65
0 901 66
0 901 67
0 901 68
0 901 69
0 901 80
0 912 60
0 912 61
0 912 70
0 912 71
0 919 45
0 920 01
0 920 02
0 920 03
0 920 04
0 920 05
0 920 12
0 920 13
0 920 22
0 920 23
0 920 32
0 920 42
0 920 52
0 920 62
0 920 82
0 920 92
0 942 51
0 942 52
0 942 53
0 942 54
0 942 70
0 942 71
0 942 72
0 942 78
0 942 79
0 942 80
0 971 03
1 000 00
1 340 04
1 340 08
1 340 14
1 340 18
1 340 44
1 340 48
1 340 54
1 340 58
1 341 00
1 341 04
1 341 08
1 341 14
1 341 18
1 341 24
1 341 28
1 341 34
1 341 38
1 341 44
1 341 46
1 341 48
1 341 54
1 341 56
1 341 58
1 342 04
1 342 08
1 342 14
1 342 18
1 348 10
1 348 11
1 348 12
1 348 13
1 348 14
1 348 15
1 348 16
1 350 01
1 350 02
1 350 03
1 350 04
1 350 11
1 350 12
1 350 13
1 350 14
1 350 41
1 350 42
1 350 43
1 350 44
1 350 51
1 350 52
1 350 53
1 350 54
1 351 01
1 351 02
1 351 03
1 351 04
1 351 11
1 351 12
1 351 13
1 351 14
1 351 21
1 351 22
1 351 23
1 351 24
1 351 31
1 351 32
1 351 33
1 351 34
1 351 41
1 351 42
1 351 43
1 351 44
1 351 51
1 351 52
1 351 53
1 351 54
1 352 01
1 352 02
1 352 03
1 352 04
1 352 11
1 352 12
1 352 13
1 352 14
1 370 05
1 370 06
1 370 07
1 370 08
1 370 09
1 370 15
1 370 16
1 370 17
1 370 18
1 370 19
1 370 45
1 370 46
1 370 47
1 370 48
1 370 49
1 370 55
1 370 56
1 370 57
1 370 58
1 370 59
1 371 05
1 371 06
1 371 07
1 371 08
1 371 09
1 371 15
1 371 16
1 371 17
1 371 18
1 371 19
1 371 25
1 371 26
1 371 27
1 371 28
1 371 29
1 371 35
1 371 36
1 371 37
1 371 38
1 371 39
1 371 45
1 371 46
1 371 47
1 371 48
1 371 49
1 371 55
1 371 56
1 371 57
1 371 58
1 371 59
1 372 05
1 372 06
1 372 07
1 372 08
1 372 09
1 372 15
1 372 16
1 372 17
1 372 18
1 372 19
2 000 00
2 775 50L
2 778 02L
2 778 04L
2 778 06L
2 778 14L
2 778 16L
2 778 22L
2 780 11L
2 780 30L
2 780 40L
2 781 05L
2 781 11L
2 781 64L
2 781 65L
2 781 76L
2 781 84L
2 782 13L
2 782 18L
3 000 00
3 100 83
3 100 84
3 101 80
3 101 82
3 101 83
3 101 85
3 101 86
3 101 88
3 101 89
3 101 91
3 101 92
3 101 94
3 103 30
3 103 31
3 109 30
3 110 80
3 691 10
3 691 15
3 692 20
3 692 25
3 692 30
3 692 35
3 693 20
3 693 25
3 693 30
3 693 35
3 693 39
3 694 00
3 694 20
3 694 25
3 694 30
3 694 35
3 695 00
3 695 05
3 695 50
3 695 55
3 695 60
3 695 65
3 695 70
3 695 75
3 695 80
3 695 85
3 695 95
3 695 96
3 695 97
3 970 31
3 970 32
3 970 33
3 970 41
3 970 42
3 970 43
3 970 71
3 970 72
3 970 73
3 970 91
3 970 92
3 970 93
3 970 95
3 970 96
3 970 97
4 000 00
4 010 00
4 010 02
4 010 03
4 010 05
4 010 10
4 010 11
4 010 12
4 010 13
4 011 32
4 011 34
4 011 36
4 011 38
4 011 52
4 011 53
4 011 54
4 011 55
4 011 56
4 011 57
4 011 58
4 011 59
4 011 61
4 011 62
4 011 63
4 011 64
4 011 66
4 011 67
4 011 68
4 011 69
4 011 70
4 020 24
4 020 25
4 020 26
4 020 27
4 020 28
4 020 29
4 020 30
4 020 32
4 020 33
4 020 34
4 020 36
4 020 37
4 020 38
4 020 62
4 020 63
4 020 64
4 020 66
4 020 67
4 020 68
4 020 70
4 020 71
4 020 72
4 020 74
4 020 75
4 020 76
4 063 14
4 063 16
4 067 71
4 067 72
4 067 73
4 067 74
4 067 75
4 067 76
4 067 77
4 076 45
4 076 46
4 076 47
4 076 48
4 076 49
4 076 50
4 076 52
4 076 54
4 076 55
4 076 56
4 076 57
4 076 58
4 076 59
4 076 60
4 076 91
4 076 92
4 076 93
4 076 94
4 076 95
4 076 96
4 076 97
4 076 98
4 076 99
4 077 00
4 077 01
4 077 02
4 077 03
4 077 04
4 077 74
4 077 76
4 077 77
4 077 78
4 077 79
4 077 80
4 077 81
4 077 82
4 077 84
4 077 85
4 077 86
4 077 87
4 077 88
4 077 89
4 077 90
4 078 21
4 078 22
4 078 23
4 078 24
4 078 25
4 078 27
4 078 29
4 078 30
4 078 31
4 078 32
4 078 33
4 078 34
4 078 35
4 078 90
4 078 91
4 078 92
4 078 93
4 078 94
4 078 96
4 078 98
4 078 99
4 079 00
4 079 01
4 079 02
4 079 03
4 079 04
4 092 22
4 092 23
4 092 27
4 092 75
4 092 79
4 093 56
4 093 57
4 097 69
4 097 70
4 097 74
4 097 83
4 097 87
4 097 95
4 097 96
4 100 10
4 100 14
4 100 23
4 100 27
4 100 36
4 101 50
4 101 54
4 101 63
4 101 67
4 101 76
4 107 02
4 107 03
4 107 04
4 107 05
4 107 06
4 107 07
4 107 08
4 107 09
4 107 22
4 107 23
4 107 24
4 107 25
4 107 26
4 107 27
4 107 28
4 107 29
4 107 52
4 107 53
4 107 54
4 107 55
4 107 56
4 115 00
4 115 04
4 115 05
4 115 06
4 115 07
4 115 08
4 115 24
4 115 25
4 115 26
4 115 27
4 115 28
4 115 37
4 115 43
4 115 50
4 115 54
4 115 55
4 115 56
4 115 57
4 115 90
4 115 91
4 115 92
4 116 10
4 116 11
4 116 16
4 116 17
4 116 60
4 116 61
4 116 62
4 116 63
4 116 64
4 116 65
4 116 66
4 116 67
4 116 68
4 116 69
4 116 74
4 116 75
4 116 76
4 116 77
4 116 78
4 116 84
4 116 85
4 116 86
4 116 87
4 116 88
4 116 94
4 116 95
4 116 96
4 116 97
4 122 00
4 122 10
4 122 11
4 122 12
4 122 14
4 122 15
4 122 20
4 122 21
4 122 23
4 122 24
4 122 25
4 122 30
4 122 32
4 122 33
4 122 40
4 122 41
4 122 42
4 122 43
4 122 44
4 122 45
4 122 70
4 122 71
4 122 72
4 122 73
4 122 74
4 122 75
4 122 80
4 122 81
4 122 82
4 122 83
4 122 84
4 122 85
4 122 86
4 122 97
4 122 98
4 122 99
4 123 00
4 123 01
4 123 03
4 123 10
4 123 19
4 124 04
4 124 05
4 124 08
4 124 10
4 124 11
4 124 12
4 124 14
4 124 16
4 124 20
4 125 03
4 125 05
4 125 09
4 125 10
4 125 21
4 125 23
4 125 24
4 125 27
4 125 33
4 125 35
4 125 36
4 125 41
4 126 02
4 126 23
4 126 26
4 126 81
4 127 80
4 127 90
4 127 94
4 127 95
4 128 12
4 128 13
4 128 58
4 194 96
4 194 97
4 194 99
4 195 00
4 195 01
4 195 02
4 196 61
4 196 62
4 196 64
4 196 65
4 196 66
4 196 67
4 196 68
4 196 69
4 196 70
4 196 94
4 196 95
4 196 97
4 196 98
4 196 99
4 197 00
4 197 01
4 197 02
4 197 03
4 197 05
4 197 06
4 197 08
4 197 09
4 197 10
4 197 11
4 197 12
4 197 13
4 197 14
4 197 38
4 197 39
4 197 41
4 197 42
4 197 43
4 197 44
4 197 45
4 197 46
4 197 47
4 199 46
4 199 47
4 199 49
4 199 50
4 199 51
4 199 52
4 461 70
4 461 71
4 461 72
5 000 00
5 551 04
5 551 07
5 551 08
5 551 24
5 551 27
5 551 28
5 552 14
5 552 18
5 552 34
5 552 38
6 000 00
6 000 01
6 000 02
6 000 04
6 000 08
6 000 09
6 000 11
6 000 16
6 000 31
6 000 37
6 000 41
6 000 42
6 000 47
6 000 48
6 000 49
6 001 01
6 001 02
6 001 04
6 001 08
6 001 09
6 001 11
6 001 16
6 001 31
6 001 37
6 003 28
6 003 34
6 003 35
6 003 41
6 003 43
6 003 45
6 003 48
6 003 50
6 003 51
6 003 53
6 003 75
6 003 76
6 004 28
6 004 34
6 004 35
6 004 41
6 004 43
6 004 45
6 004 50
6 004 51
6 004 53
6 004 75
6 004 76
6 007 01
6 007 05
6 007 10
6 007 16
6 007 21
6 007 28
6 007 31
6 007 34
6 007 35
6 007 51
6 007 53
6 007 68
6 007 76
6 007 77
6 008 01
6 008 02
6 008 03
6 008 04
6 008 11
6 008 12
6 008 13
6 008 14
6 008 21
6 008 22
6 008 23
6 008 24
6 008 41
6 008 42
6 008 43
6 008 51
6 008 52
6 008 53
6 008 54
6 008 71
6 008 72
6 008 73
6 008 81
6 008 82
6 008 83
6 009 70
6 009 71
6 009 73
6 009 75
6 009 78
6 009 79
6 009 80
6 018 31
6 018 32
6 018 33
6 018 35
6 018 36
6 018 37
6 018 38
6 019 32
6 019 94
6 019 96
6 019 98
6 117 88
6 380 00
6 380 01
6 380 02
6 380 03
6 380 04
6 380 08
6 380 11
6 380 12
6 380 13
6 380 17
6 380 18
6 380 19
6 380 20
6 380 21
6 380 22
6 380 24
6 380 25
6 380 26
6 380 27
6 380 28
6 380 29
6 380 30
6 380 31
6 380 32
6 380 34
6 380 35
6 380 36
6 380 38
6 380 40ยน
6 380 41
6 380 42
6 380 44
6 380 45
6 380 46
6 380 47
6 380 48
6 380 49
6 380 50
6 380 51
6 380 52
6 380 53
6 380 54
6 380 55
6 380 56
6 381 00
6 381 01
6 381 02
6 381 03
6 381 04
6 381 05
6 381 06
6 381 07
6 381 09
6 381 10
6 381 11
6 381 12
6 381 13
6 381 14
6 381 15
6 381 16
6 381 17
6 381 19
6 381 20
6 381 21
6 381 22
6 381 23
6 381 24
6 381 25
6 381 26
6 381 27
6 381 29
6 381 30
6 381 31
6 381 32
6 381 33
6 381 34
6 381 35
6 381 36
6 381 37
6 381 39
6 381 40
6 381 41
6 381 42
6 381 43
6 381 44
6 381 45
6 381 46
6 381 47
6 381 49
6 381 50
6 381 51
6 381 52
6 381 53
6 381 54
6 381 55
6 381 56
6 381 57
6 381 59
6 381 60
6 381 61
6 381 62
6 381 63
6 381 64
6 381 65
6 381 66
6 381 68
6 381 70
6 381 71
6 381 72
6 381 73
6 381 74
6 381 75
6 381 76
6 381 80
6 381 81
6 381 82
6 381 83
6 381 84
6 381 85
6 381 86
6 462 00
6 462 01
6 462 02
6 462 03
6 462 04
6 462 05
6 462 10
6 462 11
6 462 12
6 462 13
6 462 14
6 462 15
6 462 30
6 462 38
6 462 40
6 462 42
6 462 43
6 462 44
6 462 45
6 462 48
6 462 70
6 462 71
6 463 37
6 463 40
6 463 42
6 464 00
6 464 01
6 464 03
6 464 15
6 464 21
6 464 25
6 464 26
6 464 28
6 464 30
6 464 31
6 465 01
6 465 02
6 465 05
6 465 06
6 467 50
6 467 51
6 467 60
6 467 61
6 467 63
6 467 64
6 467 75
6 467 76
6 467 85
6 467 86
6 467 88
6 467 89
6 468 00
6 468 05
6 468 10
6 468 16
6 468 62
6 468 98
6 489 04
6 510 16
6 510 20
6 510 25
6 510 32
6 510 40
6 510 50
6 512 16
6 512 20
6 512 25
6 512 32
6 512 40
6 512 50
6 512 63
6 514 16
6 514 20
6 514 25
6 514 32
6 606 01
6 606 02
6 606 08
6 606 09
6 606 11
6 606 12
6 606 13
6 606 14
6 616 01
6 616 02
6 616 03
6 616 05
6 616 06
6 616 07
6 616 08
6 616 09
6 616 10
6 616 11
6 616 14
6 616 15
6 616 16
6 616 17
6 616 18
6 616 70
6 616 71
6 616 72
6 616 80
6 616 88
6 616 90
6 616 91
6 617 20
6 626 03
6 626 06
6 626 07
6 626 10
6 645 27
6 645 40
6 645 71
6 647 98
6 647 99
6 648 98
6 648 99
6 650 00
6 650 01
6 650 02
6 650 03
6 650 04
6 650 05
6 650 06
6 650 11
6 650 12
6 650 13
6 650 14
6 650 15
6 650 16
6 650 21
6 650 22
6 650 23
6 650 24
6 650 25
6 650 31
6 650 32
6 650 33
6 650 34
6 650 35
6 650 90
6 650 91
6 650 98
6 651 95
7 000 00
7 645 00
7 645 01
7 645 02
7 645 03
7 645 04
7 645 06
7 645 07
7 645 18
7 645 19
7 645 21
7 645 22
7 645 23
7 645 24
7 645 25
7 645 27
7 645 36
7 645 38
7 645 41
7 645 45
7 645 46
7 645 48
7 645 52
7 645 57
7 645 64
7 645 68
7 645 69
7 645 73
7 645 74
7 645 83
7 645 94
7 645 95
7 645 97
7 646 00
7 646 01
7 646 02
7 646 03
7 646 04
7 646 06
7 646 07
7 646 18
7 646 19
7 646 22
7 646 24
7 646 25
7 646 27
7 646 36
7 646 38
7 646 41
7 646 45
7 646 46
7 646 48
7 646 52
7 646 57
7 646 64
7 646 68
7 646 69
7 646 83
7 646 94
7 646 95
7 646 97
7 821 00
7 821 01
7 821 02
7 821 03
7 821 04
7 821 05
7 821 06
7 821 07
7 821 12
7 821 14
7 821 15
7 821 16
7 821 17
7 821 20
7 821 24
7 821 27
7 821 29
7 821 30
7 821 32
7 821 33
7 821 34
7 821 35
7 821 36
7 821 37
7 821 44
7 821 45
7 821 46
7 821 47
7 821 50
7 821 54
7 821 57
7 821 59
7 823 60
7 823 61
7 823 62
7 823 63
7 823 64
7 823 65
7 823 66
7 823 71
7 823 72
7 823 73
7 823 74
7 823 75
7 823 76
7 823 77
7 823 79
7 823 80
7 823 81
7 823 82
7 823 83
7 823 84
7 823 85
7 823 86
7 823 91
7 823 92
7 823 93
7 823 94
7 823 95
7 823 97
7 823 98
7 823 99
7 824 00
7 824 02
7 824 04
7 824 05
7 824 06
7 824 10
7 824 11
7 824 14
7 824 15
7 824 16
7 824 17
7 824 20
7 824 21
7 824 24
7 824 25
7 824 28
7 824 29
7 824 30
7 824 31
7 824 32
7 824 33
7 824 34
7 824 35
7 824 36
7 824 37
7 824 38
7 824 39
7 824 40
7 824 41
7 824 44
7 824 45
7 824 46
7 824 47
7 824 50
7 824 51
7 824 54
7 824 57
7 824 61
7 824 63
7 824 67
7 824 68
7 824 69
7 824 94
7 824 95
7 824 96
189 819
189 829
189 859
189 869
189 909
SL189800
SL189801
SL189802
SL189803
SL189804
SL189805
SL189810
SL189820
SL189830
SL189850
SL289898
SL532180
SL532181
SL532182
SL532183
4 115 25
411676
411695
406314
27746
406316
67193
50295
50297
50395
50398
412280
412281
412282
412283
412230
412232
412233
0 030 23
0 030 20
0 030 22
4 122 00
0 058 64
0 132 32
4 126 02
4 126 23
4 126 26
0 920 011
0 920 021
0 920 031
0 697 11
0 697 15
0 697 17
6 650 99
6 008 44
6 009 751
2 781 11L
2 781 05L
2 781 64L
2 871 64L
0 771 00L
0 775 70L
0 778 23L
0 670 01
0 313 01